10,209
10,297
10,121
10,99
10,141
10,313
9,5
9,2
9,3
8,5
8,4
8,10
8,13
89,3
89,1
88,3
88,2
88,1
85,3
85,2
85,1
85,0
63,4
63,3
63,2
63,1
63,0
52,3
52,1
51,3
51,1
49,3
49,1
20,3
20,2
20,1
19,3
19,2
19,1
12,3
12,2
12,1
11,30
11,29
11,28
11,27
11,26
11,25
11,24
11,23
11,22
11,21
11,20
11,19
11,18
11,17
11,16
11,15
11,14
11,13
11,12
11,11
11,10
11,9
11,8
11,7
11,6
11,5
11,4
11,3
11,2
11,1
10,316
10,315
10,311
10,310
10,309
10,301
10,300
10,299
10,298
18,1
10,292
18,3
10,290
10,288
14,1
10,286
14,3
13,1
10,219
13,3
10,195
10,117
10,103
10,87
10,33
